  
 aprox13 :
  tin =  5.000000000000E+08 din =  1.000000000000E+07 ein =  0.000000000000E+00
  tout=  4.999999999997E+08 dout=  1.000000000000E+07 eout= -1.115799660628E+04
  enuc= -2.232E+05 sum = -2.220E-16 nbad=    1 nok=   11
  
 top 13 mass fractions:
 o16  = 5.000E-01 c12  = 5.000E-01 ne20 = 2.559E-16 he4  = 5.100E-17 si28 = 2.273E-27
 mg24 = 1.948E-27 ni56 = 5.600E-29 fe52 = 5.200E-29 cr48 = 4.800E-29 ti44 = 4.400E-29
 ca40 = 4.000E-29 ar36 = 3.600E-29 s32  = 3.200E-29 
  
 cpu time : 00 hrs  00 min  00 sec       0 usec


